1766261312,$DPSD,9a2,4577,795,b,d,4,0,0,0,0,102
1766261312,$HKSD,3d2,9a2,8e35,100,0,24a2,4577,795,8,3,4,5,4,3,1,0,0,0,0,0,0,0,0,0,0,0,0,0,0,0,0,0,0,0,0,0,0,0,0,0,0,0,0,0,0,0,0,0,0,0,0,0,0,0
1766261313,$BESD,3d2,21ba82,af58,e11a,26ad,1fcf,2ea7,0,0
1766261314,$DPSD,9a4,458f,77f,12,13,3,0,0,0,0,101
1766261315,$HKSD,3d3,9a4,8dbe,100,0,250b,458f,77f,9,9,5,4,a,1,1,0,1,0,0,0,0,0,0,0,0,0,0,0,0,0,0,0,0,0,0,0,0,0,0,0,0,0,0,0,0,0,0,0,0,0,0,0,0,0
1766261315,$BESD,3d3,21c201,af6a,e12d,26b0,1fcf,2ea7,0,0
1766261317,$DPSD,9a7,4596,79f,17,e,4,0,0,0,0,101
1766261317,$HKSD,3d4,9a7,8dff,100,0,24a2,4596,79f,e,9,5,7,2,2,1,1,0,0,0,0,0,0,0,0,0,0,0,0,0,0,0,0,0,0,0,0,0,0,0,0,0,0,0,0,0,0,0,0,0,0,0,0,0,0
1766261318,$BESD,3d4,21c9a0,af81,e13b,26b4,1fcf,2ea7,0,0
1766261319,$DPSD,9aa,4084,5fb,11,16,6,0,0,0,0,101
1766261320,$HKSD,3d5,9aa,8d81,100,0,2bd2,4084,5fb,8,9,8,a,4,3,1,2,0,0,0,0,0,0,0,0,0,0,0,0,0,0,0,0,0,0,0,0,0,0,0,0,0,0,0,0,0,0,0,0,0,0,0,0,0,0
1766261320,$BESD,3d5,21cf9b,af92,e151,26ba,1fcf,2ea7,0,0
1766261322,$DPSD,9ac,4670,7eb,d,d,5,0,0,0,0,102
1766261322,$HKSD,3d6,9ac,8e33,100,0,2352,4670,7eb,6,7,7,3,3,1,1,2,1,0,0,0,0,0,0,0,0,0,0,0,0,0,0,0,0,0,0,0,0,0,0,0,0,0,0,0,0,0,0,0,0,0,0,0,0,0
1766261323,$BESD,3d6,21d786,af9f,e15e,26bf,1fcf,2ea7,0,0
1766261324,$DPSD,9af,45ac,759,11,14,9,0,0,0,0,101
1766261325,$HKSD,3d7,9af,8e0b,100,0,24c1,45ac,759,8,9,6,c,2,4,3,2,0,0,0,0,0,0,0,0,0,0,0,0,0,0,0,0,0,0,0,0,0,0,0,0,0,0,0,0,0,0,0,0,0,0,0,0,0,0
1766261325,$BESD,3d7,21dedf,afb0,e172,26c8,1fcf,2ea7,0,0
1766261327,$DPSD,9b1,43bd,69b,1c,19,6,0,0,0,0,101
1766261327,$HKSD,3d8,9b1,8dcf,100,1,279c,43bd,69b,15,7,b,8,6,1,2,2,1,0,0,0,0,0,0,0,0,0,0,0,0,0,0,0,0,0,0,0,0,0,0,0,0,0,0,0,0,0,0,0,0,0,0,0,0,0
1766261327,$BESD,3d8,21e57a,afcc,e18b,26ce,1fcf,2ea7,0,0
1766261329,$DPSD,9b4,4632,7c1,13,e,c,0,0,0,0,102
1766261330,$HKSD,3d9,9b4,8e2c,100,0,23b3,4632,7c1,f,4,4,6,4,4,4,3,1,0,0,0,0,0,0,0,0,0,0,0,0,0,0,0,0,0,0,0,0,0,0,0,0,0,0,0,0,0,0,0,0,0,0,0,0,0
1766261330,$BESD,3d9,21ed3b,afdf,e199,26da,1fcf,2ea7,0,0
1766261332,$DPSD,9b6,467c,773,13,18,f,0,0,0,0,101
1766261332,$HKSD,3da,9b6,8dc6,100,0,2410,467c,773,b,8,a,9,5,5,2,2,4,1,1,0,0,0,0,0,0,0,0,0,0,0,0,0,0,0,0,0,0,0,0,0,0,0,0,0,0,0,0,0,0,0,0,0,0,0
1766261332,$BESD,3da,21f4ae,aff2,e1b1,26e9,1fcf,2ea7,0,0
1766261334,$DPSD,9b9,45d9,764,14,10,5,0,0,0,0,102
1766261335,$HKSD,3db,9b9,8de8,100,0,24b1,45d9,764,a,a,3,9,4,2,2,1,0,0,0,0,0,0,0,0,0,0,0,0,0,0,0,0,0,0,0,0,0,0,0,0,0,0,0,0,0,0,0,0,0,0,0,0,0,0
1766261335,$BESD,3db,21fc12,b006,e1c1,26ee,1fcf,2ea7,0,0
1766261337,$DPSD,9bb,474c,79f,13,17,7,0,0,0,0,101
1766261337,$HKSD,3dc,9bb,8e09,100,0,22da,474c,79f,c,7,9,7,7,5,1,0,1,0,0,0,0,0,0,0,0,0,0,0,0,0,0,0,0,0,0,0,0,0,0,0,0,0,0,0,0,0,0,0,0,0,0,0,0,0
1766261337,$BESD,3dc,2203b1,b019,e1d8,26f5,1fcf,2ea7,0,0
1766261339,$DPSD,9be,4570,74c,f,f,7,0,0,0,0,102
1766261340,$HKSD,3dd,9be,8dc5,100,0,2559,4570,74c,d,2,7,5,3,4,2,1,0,0,0,0,0,0,0,0,0,0,0,0,0,0,0,0,0,0,0,0,0,0,0,0,0,0,0,0,0,0,0,0,0,0,0,0,0,0
1766261340,$BESD,3dd,220afd,b028,e1e7,26fc,1fcf,2ea7,0,0
1766261341,$DPSD,9c0,42d8,668,18,13,9,0,0,0,0,101
1766261342,$HKSD,3de,9c0,8d8e,100,0,28fd,42d8,668,f,9,8,4,7,3,3,2,1,0,0,0,0,0,0,0,0,0,0,0,0,0,0,0,0,0,0,0,0,0,0,0,0,0,0,0,0,0,0,0,0,0,0,0,0,0
1766261342,$BESD,3de,221165,b040,e1fa,2705,1fcf,2ea7,0,0
